002018091078
002018091073
002018091079
002018091067
002018091075
002018091074
002018091066
002018091064
002018091069
002018091070
002018091065
002018091080
002018091030
002018091068
002018091140
002018091072
002018091138
002018091134
002018091071
002018091135
002018091036
002018091037
002018091039
002018091128
002018091061
002018091129
002018091131
002018091076
002018091123
002018091077
002018091063
002018091022
002018091062
002018091034
002018091032
002018091024
002018091031
002018091038
002018091023
002018091125
002018091139
002018091021
002018091127
002018091136
002018091025
002018091133
002018091130
002018091026
002018091122
002018091029
002018091027
002018091126
002018091028
002018091035
002018091040
002018091033
002018091121
002018091132
002018091137
002018091124