002018091046 
002018091087 
002018091084 
002018091092 
002018091093 
002018091094 
002018091095 
002018091096 
002018091097 
002018091089 
002018091099 
002018091100 
002018091001 
002018091002 
002018091003 
002018091004 
002018091005 
002018091006 
002018091007 
002018091008 
002018091009 
002018091010 
002018091011 
002018091012 
002018091013 
002018091014 
002018091015 
002018091016 
002018091017 
002018091018 
002018091019 
002018091101 
002018091102 
002018091103 
002018091104 
002018091105 
002018091106 
002018091107 
002018091108 
002018091109 
002018091110 
002018091111 
002018091112 
002018091113 
002018091114 
002018091115 
002018091116 
002018091117 
002018091118 
002018091119 
002018091120 
002018091041 
002018091042 
002018091043 
002018091044 
002018091045 
002018091020 
002018091047 
002018091048 
002018091049 
002018091050 