002018091078 
002018091073 
002018091079 
002018091067 
002018091075 
002018091074 
002018091066 
002018091064 
002018091069 
002018091070 
002018091065 
002018091080 
002018091030 
002018091068 
002018091140 
002018091072 
002018091138 
002018091134 
002018091071 
002018091135 
002018091036 
002018091037 
002018091039 
002018091128 
002018091061 
002018091129 
002018091131 
002018091076 
002018091123 
002018091077 
002018091063 
002018091022 
002018091062 
002018091034 
002018091032 
002018091024 
002018091038 
002018091023 
002018091125 
002018091139 
002018091021 
002018091136 
002018091025 
002018091133 
002018091130 
002018091026 
002018091122 
002018091029 
002018091027 
002018091126 
002018091028 
002018091035 
002018091040 
002018091033 
002018091121 
002018091132 
002018091137 
002018091124 
180913000026 
180913000030 
180913000037 
180913000024 
180913000036 
180913000034 
180913000029 
180913000010 
180913000027 
180913000009 
180913000039 
180913000040 
180913000038 
180913000028 
180913000023 
180913000022 
002018091052 
002018091059 
002018091055 
002018091054 
002018091058 
002018091057 
002018091060 
002018091051 
180913000035 
002018091053 
002018091056 
002018091046 
002018091087 
002018091084 
002018091092 
002018091093 
002018091094 
002018091095 
002018091089 
002018091099 
002018091100 
002018091001 
002018091002 
002018091003 
002018091004 
002018091005 
002018091006 
002018091007 
002018091008 
002018091009 
002018091010 
002018091011 
002018091012 
002018091013
002018091014 
002018091015 
002018091016 
002018091017 
002018091018 
002018091019 
002018091101 
002018091102 
002018091103 
002018091104 
002018091105 
002018091106 
002018091107 
002018091108 
002018091109 
002018091110 
002018091111 
002018091112 
002018091113 
002018091114 
002018091115 
002018091116 
002018091117 
002018091118 
002018091119 
002018091120 
002018091041 
002018091042 
002018091043 
002018091044 
002018091045 
002018091020 
002018091047 
002018091048 
002018091049 
002018091050 
