002018091078 
002018091073 
002018091079 
002018091066 
002018091064 
002018091069 
002018091030 
002018091068 
002018091140 
002018091071 
002018091135 
002018091036 
002018091061 
002018091129 
002018091131 
002018091063 
002018091022 
002018091062
002018091031 
002018091038 
002018091023
002018091127 
002018091136 
002018091025 
002018091122 
002018091029 
002018091027
002018091040 
002018091033 
002018091121 
180913000026 
180913000030 
180913000037
180913000029 
180913000010 
180913000027
180913000039 
180913000040 
180913000038 
002018091052 
002018091059 
002018091055 
002018091060 
002018091051 
180913000035
002018091087 
002018091084 
002018091092
002018091096 
002018091097 
002018091089 
002018091002 
002018091003 
002018091004
002018091008 
002018091009 
002018091010
002018091014 
002018091015 
002018091016
002018091101
002018091102
002018091103
002018091107
002018091108
002018091109
002018091113
002018091114
002018091115
002018091119
002018091120
002018091041
002018091045
002018091020
002018091047
180913000033 
002018091083 
000003000606
180913000052 
180702002392 
000173653654
100006577782 
000000032174 
180913000051
000001685027 
000001703367 
000001632829 
000000032191 
002018091088 
180913000053 
