002018091120 
002018091021 
002018091121 
002018091020 
002018091122 
002018091023 
002018091123 
002018091022 
002018091124 
002018091025 
002018091125 
002018091024 
002018091126 
002018091027 
002018091127 
002018091026 
002018091029 
002018091128 
002018091129 
180913000009 
002018091031 
002018091130 
002018091030 
002018091131 
180913000010 
002018091033 
002018091132 
002018091032 
002018091133 
002018091035 
002018091134 
002018091034 
002018091135 
002018091037 
002018091136 
002018091036 
002018091137 
002018091039 
002018091138 
002018091038 
002018091100 
002018091001 
180913000022 
002018091101 
180913000023 
002018091102 
002018091003 
002018091103 
002018091002 
180913000021 
180913000026 
002018091105 
002018091106 
002018091007 
180913000024 
002018091107 
002018091006 
180913000025 
002018091009 
002018091109 
180913000029 
002018091011 
002018091110 
002018091013 
002018091112 
180913000030 
002018091012 
002018091113 
002018091114 
002018091115 
180913000037 
002018091017 
002018091116 
002018091016 
002018091019 
002018091118 
002018091018 
002018091119 
180913000038 
180913000039 
002018091061 
002018091060 
180913000040 
002018091063 
002018091062 
002018091065 
002018091064 
002018091067 
002018091066 
002018091069 
002018091068 
002018091071 
002018091070 
002018091073 
002018091072 
002018091075 
002018091074 
002018091077 
002018091076 
002018091078 
002018091140 
002018091041 
002018091040 
002018091043 
002018091042 
002018091045 
002018091044 
002018091054 
002018091057 
002018091056 
002018091059 
002018091058 
002018091080 
002018091084 
002018091087 
002018091089 
002018091093 
002018091092 
002018091095 
002018091094 
002018091097 
002018091096 
002018091099 
002018091028 
002018091139 
180913000034 
002018091079 
002018091052 
002018091055 
180913000027 
002018091117 
002018091108 
180913000036 
002018091104 
180913000028 
180913000035 
002018091050 
002018091049 
002018091047 
002018091048 
002018091010 
002018091005 
002018091015 
002018091111 
002018091014 
002018091046 
002018091051 
002018091053 
002018091004 
002018091008 
180913000033 
002018091083 
000003000606 
180913000049 
180913000032 
000003000628 
180913000052 
180702002392 
000173653654 
180913000050 
000003000621 
000003000624 
100006577782 
000000032174 
180913000051 
002018091081 
000001667203 
100006575415 
000001685027 
000001703367 
000001632829 
000000031791 
000001612295 
002018091085 
000000032191 
002018091088 
180913000053 
180913000055 
000000032061 
000173343395 
