002018091079
002018091067
002018091069
002018091070
002018091140
002018091072
002018091036
002018091037
002018091131
002018091076
002018091062
002018091034
002018091023
002018091125
002018091025
002018091133
002018091027
002018091126
002018091121
002018091132
180913000037
180913000024
180913000027
180913000009
180913000038
180913000028
002018091055
002018091054
180913000035
002018091053
002018091092
002018091093
002018091089
002018091099
002018091004
002018091005
002018091010
002018091011
002018091016
002018091017
002018091103
002018091104
002018091109
002018091110
002018091115
002018091116
002018091041
002018091042
002018091047
002018091048
000003000606 
180913000049
000173653654 
180913000050
180913000051 
002018091081
000001632829 
000000031791 
180913000053 
180913000055 