002018091067 
002018091075 
002018091074
002018091070 
002018091065 
002018091080 
002018091072 
002018091138 
002018091134 
002018091037 
002018091039 
002018091128 
002018091076 
002018091123 
002018091077 
002018091034 
002018091032 
002018091024 
002018091125 
002018091139 
002018091021 
002018091133 
002018091130 
002018091026 
002018091126 
002018091028 
002018091035 
002018091132 
002018091137 
002018091124 
180913000024 
180913000036 
180913000034 
180913000009 
180913000021 
180913000025 
180913000028 
180913000023 
180913000022 
002018091054 
002018091058 
002018091057 
002018091053 
002018091056 
002018091046 
002018091093 
002018091094 
002018091095 
002018091099 
002018091100 
002018091001 
002018091005 
002018091006 
002018091007 
002018091011 
002018091012 
002018091013 
002018091017 
002018091018 
002018091019