002018091075
002018091073
002018091065
002018091064
002018091138
002018091068 
002018091039
002018091135 
002018091123
002018091129
002018091032
002018091022
002018091139
002018091038
002018091130
002018091136
002018091028
002018091029 
002018091137
002018091033
180913000036
180913000030
180913000021
180913000010
180913000023
180913000040
002018091058
002018091059 
002018091056
002018091051
002018091094
002018091084 
002018091100
002018091097
002018091006
002018091003
002018091012
002018091009 
002018091018
002018091015
002018091105
002018091102
002018091111
002018091108 
002018091117
002018091114
002018091043
002018091120
002018091049
002018091020
180913000032 
002018091083
000003000621 
180702002392
000001667203 
000000032174
000001612295 
000001703367 
000000032061 
002018091088 