002018091078
002018091074 
002018091066
002018091080  
002018091030 
002018091134
002018091071 
002018091128
002018091061 
002018091077
002018091063 
002018091024 
002018091031 
002018091021
002018091127 
002018091026 
002018091122
002018091035 
002018091040 
002018091124
180913000026 
180913000034
180913000029 
180913000025 
180913000039 
180913000022
002018091052 
002018091057
002018091060 
002018091046
002018091087 
002018091095
002018091096 
002018091001
002018091002 
002018091007
002018091008 
002018091013
002018091014 
002018091019
002018091101 
002018091106
002018091107 
002018091112
002018091113 
002018091118
002018091119 
002018091044
002018091045 
002018091050
180913000033 
000003000628
180913000052 
000003000624
100006577782 
100006575415
000001685027 
002018091085
000000032191 
000173343395

